Name: Genetic algorithm
Solucion objectives: [-0.7906728562129569]
Solucion variables: [[0], [0], [0], [0], [0], [0], [0], [0], [0], [1], [1], [1], [0], [0], [0], [0], [1], [1], [0], [0], [1], [0], [0], [0], [0], [0], [1], [0], [1], [0], [0], [0], [0], [0], [0], [1], [0], [0], [0], [0], [1], [0], [0], [0], [0], [1], [0], [1], [0], [0], [0], [0], [0], [1], [0], [0], [1], [1], [0], [0], [0], [0], [0], [0], [1], [1], [0], [0], [0], [0], [0], [0], [1], [0], [0], [0], [0], [0], [0], [0], [0], [0], [1], [0], [0], [0], [0], [1], [0], [0], [0], [1], [0], [0], [1], [0], [1], [0], [0], [0], [0], [0], [1], [0], [0], [0], [1], [1], [0], [0], [0], [0], [0], [0], [0], [0], [1], [0], [1], [0], [0], [0], [0], [0], [0], [0], [0], [0], [0], [0], [0], [0], [0], [0], [0], [0], [0], [0], [0], [0], [0], [0], [0], [0], [1], [0], [0], [0], [0], [0], [0], [0], [0], [0], [0], [0], [0], [0], [0], [0], [0], [0], [0], [1], [0], [1], [0], [0], [0], [0], [0], [0], [0], [0], [0], [1], [0], [0], [0], [0], [0], [0], [1], [0], [0], [0], [0], [0], [0], [0], [1], [0], [0], [0], [0], [0], [0], [1], [1], [0], [0], [1], [0], [0], [0], [0], [0], [0], [1], [0], [0], [0], [0], [0], [1], [0], [0], [0], [0], [1], [0], [0], [0], [0], [0], [0], [0], [0], [0], [0], [0], [0], [0], [1], [0], [0], [1], [0], [0], [1], [0], [1], [1], [0], [0], [0], [0], [0], [0], [1], [0], [0], [0], [0], [0], [0], [1], [0], [0], [0], [1], [0], [0], [0], [0], [0], [0], [0], [0], [0], [1], [0], [0], [0], [1], [0], [0], [0], [1], [0], [0], [0], [0], [0], [0], [0], [0], [0], [0], [1], [0], [0], [0], [0], [0], [0], [1], [0], [0], [0], [0], [0], [0], [1], [0], [0], [0], [0], [1], [0], [0], [0], [0], [0], [0], [0], [1], [0], [0], [0], [0], [1], [0], [0], [0], [1], [1], [0], [0], [0], [0], [0], [0], [0], [0], [0], [0], [0], [1], [0], [0], [0], [0], [1], [0], [0], [0], [1], [0], [0], [0], [1], [0], [0], [0], [0], [0], [0], [0], [1], [0], [0], [1], [0], [0], [0], [0], [0], [0], [0], [0], [0], [1], [0], [1], [0], [0], [0], [1], [0], [1], [0], [1], [0], [1], [0], [0], [0], [0], [0], [0], [1], [1], [0], [0], [0], [0], [0], [0], [1], [0], [0], [0], [0], [0], [0], [0], [0], [0], [0], [0], [0], [0], [0], [0], [0], [0], [0], [0], [0], [0], [1], [0], [0], [0], [1], [0], [0], [0], [0], [0], [0], [0], [1], [0], [0], [0], [0], [0], [0], [0], [0], [0], [1], [0], [0], [0], [0], [0], [0], [0], [0], [0], [0], [0], [0], [0], [1], [0], [1], [0], [0], [1], [1], [0], [0], [0], [0], [0], [0], [0], [0], [0], [1], [1], [0], [1], [0], [0], [0], [1], [0], [0], [0], [0], [0], [1], [0], [0], [0], [1], [0], [1], [0], [0], [0], [1], [1], [0], [0], [1], [0], [0], [0], [0], [0], [0], [0], [0], [0], [0], [0], [0], [0], [0], [0], [0], [1], [0], [0], [0], [0], [0], [0], [0], [0], [0], [0], [1], [0], [1], [0], [0], [0], [1], [0], [0], [0], [0], [1], [0], [0], [0], [0], [0], [0], [0], [1], [0], [0], [1], [0], [1], [1], [1], [0], [0], [0], [0], [1], [0], [0], [0], [0], [1], [0], [0], [1], [1], [0], [0], [0], [1], [0], [0], [1], [0], [1]]
Solucion variables type: <class 'list'>
Solucion variables amount: 578
Selected genes: ['ENSG00000084090', 'ENSG00000145012', 'ENSG00000100852', 'ENSG00000102401', 'ENSG00000127152', 'ENSG00000154556', 'ENSG00000196236', 'ENSG00000112697', 'ENSG00000109919', 'ENSG00000169567', 'ENSG00000144909', 'ENSG00000091879', 'ENSG00000069702', 'ENSG00000123064', 'ENSG00000174938', 'ENSG00000100330', 'ENSG00000167680', 'ENSG00000015133', 'ENSG00000125676', 'ENSG00000135447', 'ENSG00000114796', 'ENSG00000180875', 'ENSG00000049759', 'ENSG00000187323', 'ENSG00000120049', 'ENSG00000047644', 'ENSG00000101347', 'ENSG00000138759', 'ENSG00000172995', 'ENSG00000134769', 'ENSG00000101079', 'ENSG00000136436', 'ENSG00000174738', 'ENSG00000111481', 'ENSG00000055147', 'ENSG00000136709', 'ENSG00000160712', 'ENSG00000079277', 'ENSG00000137486', 'ENSG00000151748', 'ENSG00000068745', 'ENSG00000089327', 'ENSG00000112146', 'ENSG00000129636', 'ENSG00000175029', 'ENSG00000197872', 'ENSG00000175895', 'ENSG00000124440', 'ENSG00000065882', 'ENSG00000151322', 'ENSG00000143158', 'ENSG00000074356', 'ENSG00000107130', 'ENSG00000070214', 'ENSG00000145779', 'ENSG00000118579', 'ENSG00000113658', 'ENSG00000147255', 'ENSG00000069020', 'ENSG00000213047', 'ENSG00000117500', 'ENSG00000164190', 'ENSG00000143502', 'ENSG00000143382', 'ENSG00000075790', 'ENSG00000082556', 'ENSG00000138696', 'ENSG00000196628', 'ENSG00000070423', 'ENSG00000140497', 'ENSG00000196104', 'ENSG00000091140', 'ENSG00000121749', 'ENSG00000172466', 'ENSG00000135917', 'ENSG00000148848', 'ENSG00000115808', 'ENSG00000103042', 'ENSG00000176463', 'ENSG00000099875', 'ENSG00000168036', 'ENSG00000115084', 'ENSG00000182944', 'ENSG00000168675', 'ENSG00000197249', 'ENSG00000101236', 'ENSG00000198774', 'ENSG00000101452', 'ENSG00000123178', 'ENSG00000072501', 'ENSG00000105855', 'ENSG00000125675', 'ENSG00000186951', 'ENSG00000155886', 'ENSG00000088448', 'ENSG00000168077', 'ENSG00000114268', 'ENSG00000123684', 'ENSG00000081479', 'ENSG00000090932', 'ENSG00000113732', 'ENSG00000180098', 'ENSG00000224078', 'ENSG00000273079', 'ENSG00000069345', 'ENSG00000171992', 'ENSG00000114544', 'ENSG00000265354', 'ENSG00000141506']
Selected genes amount: 109
Agregative function parameters alfa: 0.9, beta: 0.09999999999999998
Stopping criterion: <jmetal.util.termination_criterion.StoppingByEvaluations object at 0x0000024940B452B0> | parameter: 15000
Crossover: <jmetal.operator.crossover.SPXCrossover object at 0x000002493F321E50> | parameter: 0.9
Mutation: <jmetal.operator.mutation.BitFlipMutation object at 0x000002493F321FD0> | parameter: 0.01
Poblation size: 150 | Offspring size: 112
Clases: ['Control' 'HD_0' 'HD_1' 'HD_2' 'HD_3' 'HD_4']
Data input shape: (404, 578)
