Name: LS
Solucion objectives: [0.24526448319572447]
Solucion variables: [0, 0, 0, 0, 1, 1, 0, 0, 0, 1, 0, 0, 0, 1, 0, 1, 0, 0, 1, 1, 0, 1, 1, 0, 1, 1, 0, 1, 1, 0, 0, 0, 0, 1, 0, 1, 1, 1, 1, 0, 1, 0, 0, 1, 0, 0, 0, 1, 0, 1, 1, 0, 0, 1, 0, 0, 0, 0, 1, 0, 0, 1, 0, 1, 0, 0, 0, 0, 1, 0, 1, 0, 1, 0, 1, 1, 0, 0, 1, 0, 0, 0, 0, 0, 1, 1, 0, 0, 0, 0, 0, 0, 0, 1, 1, 1, 0, 0, 0, 0, 1, 0, 1, 0, 1, 0, 1, 1, 1, 0, 0, 0, 0, 0, 0, 1, 0, 1, 0, 0, 0, 0, 0, 0, 0, 1, 0, 0, 0, 1, 0, 1, 1, 0, 1, 1, 0, 0, 1, 0, 0, 1, 0, 1, 0, 0, 0, 0, 1, 0, 0, 1, 1, 0, 0, 1, 1, 1, 0, 0, 0, 0, 0, 1, 0, 0, 0, 1, 0, 0, 1, 0, 0, 0, 1, 1, 0, 1, 0, 0, 0, 1, 0, 0, 0, 1, 0, 0, 0, 1, 1, 0, 0, 0, 1, 0, 0, 1, 1, 1, 0, 1, 0, 1, 0, 0, 0, 0, 0, 0, 0, 0, 1, 1, 1, 1, 1, 0, 1, 0, 0, 0, 0, 0, 0, 0, 1, 0, 0, 1, 1, 1, 0, 0, 1, 0, 0, 0, 0, 0, 1, 1, 0, 1, 0, 1, 1, 0, 1, 1, 1, 0, 0, 1, 0, 0, 0, 0, 0, 1, 0, 1, 0, 0, 0, 0, 1, 0, 0, 1, 1, 0, 1, 0, 1, 0, 0, 0, 1, 1, 0, 0, 1, 0, 1, 1, 0, 0, 0, 1, 1, 0, 0, 1, 0, 0, 1, 1, 0, 0, 1, 1, 0, 0, 1, 0, 0, 1, 0, 0, 0, 1, 0, 0, 0, 0, 0, 0, 0, 0, 0, 1, 1, 1, 0, 0, 0, 1, 1, 0, 0, 1, 0, 0, 0, 0, 0, 0, 1, 0, 1, 1, 0, 1, 0, 0, 1, 0, 1, 0, 1, 0, 0, 0, 0, 0, 1, 1, 0, 1, 0, 0, 0, 0, 0, 1, 1, 1, 0, 1, 0, 0, 0, 0, 0, 1, 0, 0, 0, 0, 0, 0, 0, 0, 0, 0, 1, 0, 1, 0, 0, 1, 0, 0, 1, 0, 0, 1, 0, 0, 0, 0, 0, 0, 0, 0, 0, 0, 0, 1, 0, 0, 0, 0, 1, 0, 0, 0, 0, 1, 1, 0, 0, 0, 0, 1, 0, 1, 0, 0, 0, 0, 0, 0, 0, 0, 1, 0, 0, 0, 0, 1, 1, 0, 0, 0, 0, 0, 0, 1, 1, 0, 0, 1, 0, 0, 1, 0, 0, 0, 0, 1, 0, 0, 1, 0, 0, 0, 1, 0, 0, 0, 0, 1, 0, 1, 0, 0, 1, 0, 1, 1, 0, 0, 0, 0, 0, 0, 0, 0, 0, 1, 0, 1, 0, 0, 1, 0, 0, 0, 0, 0, 0, 0, 0, 1, 1, 0, 0, 1, 0, 0, 1, 0, 0, 0, 0, 0, 0, 1, 1, 1, 0, 0, 0, 0, 0, 0, 0, 1, 0, 1, 0, 0, 0, 1, 1, 1, 0, 1, 1, 0, 0, 1, 0, 0, 1, 1, 1, 0, 1, 0, 1, 0, 0, 1, 0, 1, 0, 0, 0, 1, 0, 0, 1, 0, 0, 1, 0, 0, 0, 1, 0, 0, 1, 0, 0, 1]
Solucion variables type: <class 'list'>
Solucion variables amount: 578
Selected genes: ['ENSG00000106617', 'ENSG00000153310', 'ENSG00000084090', 'ENSG00000111785', 'ENSG00000157680', 'ENSG00000164068', 'ENSG00000157087', 'ENSG00000175471', 'ENSG00000276644', 'ENSG00000153885', 'ENSG00000198363', 'ENSG00000100592', 'ENSG00000112697', 'ENSG00000113916', 'ENSG00000109919', 'ENSG00000198142', 'ENSG00000143774', 'ENSG00000139218', 'ENSG00000169567', 'ENSG00000134376', 'ENSG00000091879', 'ENSG00000198740', 'ENSG00000104863', 'ENSG00000069702', 'ENSG00000148341', 'ENSG00000125863', 'ENSG00000169282', 'ENSG00000141469', 'ENSG00000168884', 'ENSG00000015133', 'ENSG00000163638', 'ENSG00000137996', 'ENSG00000176142', 'ENSG00000158528', 'ENSG00000147421', 'ENSG00000135643', 'ENSG00000180875', 'ENSG00000110077', 'ENSG00000146242', 'ENSG00000187323', 'ENSG00000129566', 'ENSG00000120049', 'ENSG00000047644', 'ENSG00000184792', 'ENSG00000114439', 'ENSG00000104447', 'ENSG00000120008', 'ENSG00000077684', 'ENSG00000181722', 'ENSG00000132382', 'ENSG00000213096', 'ENSG00000185736', 'ENSG00000130956', 'ENSG00000089335', 'ENSG00000145335', 'ENSG00000164741', 'ENSG00000111058', 'ENSG00000143106', 'ENSG00000088888', 'ENSG00000091317', 'ENSG00000003989', 'ENSG00000134769', 'ENSG00000074410', 'ENSG00000103528', 'ENSG00000165119', 'ENSG00000136436', 'ENSG00000135899', 'ENSG00000070018', 'ENSG00000158636', 'ENSG00000219481', 'ENSG00000111481', 'ENSG00000164219', 'ENSG00000055147', 'ENSG00000136709', 'ENSG00000065923', 'ENSG00000160712', 'ENSG00000188783', 'ENSG00000102547', 'ENSG00000147588', 'ENSG00000137486', 'ENSG00000020129', 'ENSG00000071054', 'ENSG00000100030', 'ENSG00000177663', 'ENSG00000099625', 'ENSG00000021355', 'ENSG00000160991', 'ENSG00000065911', 'ENSG00000158445', 'ENSG00000129636', 'ENSG00000171105', 'ENSG00000117280', 'ENSG00000136950', 'ENSG00000180263', 'ENSG00000197872', 'ENSG00000134152', 'ENSG00000175467', 'ENSG00000143952', 'ENSG00000135838', 'ENSG00000106477', 'ENSG00000153922', 'ENSG00000065882', 'ENSG00000177511', 'ENSG00000151322', 'ENSG00000143158', 'ENSG00000115421', 'ENSG00000127241', 'ENSG00000198301', 'ENSG00000131174', 'ENSG00000074356', 'ENSG00000149575', 'ENSG00000049768', 'ENSG00000107130', 'ENSG00000144635', 'ENSG00000164951', 'ENSG00000034677', 'ENSG00000133422', 'ENSG00000170921', 'ENSG00000123096', 'ENSG00000113658', 'ENSG00000104218', 'ENSG00000145623', 'ENSG00000105576', 'ENSG00000164244', 'ENSG00000259417', 'ENSG00000213047', 'ENSG00000103769', 'ENSG00000075292', 'ENSG00000117500', 'ENSG00000137177', 'ENSG00000069329', 'ENSG00000128294', 'ENSG00000136153', 'ENSG00000131507', 'ENSG00000143382', 'ENSG00000163738', 'ENSG00000197142', 'ENSG00000196876', 'ENSG00000185483', 'ENSG00000166012', 'ENSG00000183337', 'ENSG00000179299', 'ENSG00000091140', 'ENSG00000238105', 'ENSG00000165025', 'ENSG00000119698', 'ENSG00000126583', 'ENSG00000150672', 'ENSG00000163029', 'ENSG00000148848', 'ENSG00000095574', 'ENSG00000143622', 'ENSG00000162645', 'ENSG00000174808', 'ENSG00000142611', 'ENSG00000142892', 'ENSG00000114023', 'ENSG00000112893', 'ENSG00000170837', 'ENSG00000117791', 'ENSG00000145920', 'ENSG00000182944', 'ENSG00000143603', 'ENSG00000142534', 'ENSG00000101236', 'ENSG00000188677', 'ENSG00000076356', 'ENSG00000141384', 'ENSG00000072501', 'ENSG00000120693', 'ENSG00000157388', 'ENSG00000177565', 'ENSG00000168214', 'ENSG00000070081', 'ENSG00000087903', 'ENSG00000142583', 'ENSG00000178252', 'ENSG00000134440', 'ENSG00000162383', 'ENSG00000166833', 'ENSG00000071991', 'ENSG00000114268', 'ENSG00000114302', 'ENSG00000175595', 'ENSG00000196865', 'ENSG00000123684', 'ENSG00000152926', 'ENSG00000081479', 'ENSG00000090932', 'ENSG00000110075', 'ENSG00000187239', 'ENSG00000132300', 'ENSG00000273079', 'ENSG00000069345', 'ENSG00000132561', 'ENSG00000004799', 'ENSG00000141506']
Selected genes amount: 197
Agregative function parameters alfa: 0.7, beta: 0.30000000000000004
Stopping criterion evals : 10000
Mutation parameter: 0.1
Clases: ['Control' 'HD_0' 'HD_1' 'HD_2' 'HD_3' 'HD_4']
